120 20  212.790595860447
121 20  222.700013184116
122 20  305.116260680672
123 20  276.55903435537
124 20  308.039088278201
125 20  322.391793062408
126 20  341.42529553656
127 20  351.101842024238
128 20  361.70415986839
120 21  185.425385185278
121 21  204.20551038739
122 21  270.167928219471
123 21  256.118565590484
124 21  287.190574362351
125 21  304.921449548759
126 21  322.045432357823
127 21  337.495776687565
128 21  350.529380566323
120 22  186.925032384182
121 22  212.239237562487
122 22  229.494094547592
123 22  236.075686069435
124 22  265.026477174145
125 22  280.32663038136
126 22  300.379457339832
127 22  320.425251774242
128 22  336.159944587669
120 23  194.585210340663
121 23  259.042466896766
122 23  194.346286704797
123 23  163.97430428978
124 23  185.750345692786
125 23  212.938406641358
126 23  261.277385506092
127 23  295.19777955601
128 23  319.318192800842
120 24  185.527733272021
121 24  230.315784902164
122 24  150.115340331214
123 24  175.812642018092
124 24  213.473027910449
125 24  231.786121365539
126 24  271.448214312188
127 24  248.415196080276
128 24  288.805551720988
120 25  169.314375904445
121 25  183.682176692866
122 25  203.393851714664
123 25  219.191626518523
124 25  250.43469240007
125 25  279.278709183907
126 25  261.660678629855
127 25  250.995104529108
128 25  244.543224827163
120 26  134.74267318471
121 26  172.057190512759
122 26  196.444869584934
123 26  224.358190993439
124 26  256.840590519289
125 26  276.53659211193
126 26  288.437903651454
127 26  288.713744655755
128 26  279.861086104232
120 27  121.396943314584
121 27  150.373106659511
122 27  178.581663657222
123 27  208.787202737371
124 27  241.885255805799
125 27  273.52329491852
126 27  298.020705501005
127 27  308.641928619037
128 27  316.815767187125
120 28  106.469251244695
121 28  136.059679473536
122 28  163.784095722907
123 28  194.452911657295
124 28  226.404629154672
125 28  256.819110237688
126 28  289.925772877236
127 28  303.908412304184
128 28  309.530757370104
