120 20  21.7435684423393
121 20  22.7561418266546
122 20  31.1776762039416
123 20  28.2596148929296
124 20  31.4763393175772
125 20  32.9429408727171
126 20  34.8878400919268
127 20  35.8766180498508
128 20  36.9599940456723
120 21  18.9461650790734
121 21  20.8650574245272
122 21  27.6048835600517
123 21  26.1693652066257
124 21  29.3442023894741
125 21  31.1558857678986
126 21  32.9055588495404
127 21  34.4842249739619
128 21  35.8159563893528
120 22  19.0981935489964
121 22  21.6845544224863
122 22  23.4474889752245
123 22  24.1199323988866
124 22  27.07784448194
125 22  28.641066290992
126 22  30.6898703787736
127 22  32.737955951202
128 22  34.3455748182524
120 23  19.8795407025739
121 23  26.4647310828703
122 23  19.8551313852588
123 23  16.7522179645517
124 23  18.9769384387034
125 23  21.7545707330846
126 23  26.693058587223
127 23  30.1584907903291
128 23  32.6227209135952
120 24  18.9529177047937
121 24  23.5283212939678
122 24  15.3353013123545
123 24  17.9604551668058
124 24  21.8077193033329
125 24  23.6785261474268
126 24  27.7302782513322
127 24  25.3772990425452
128 24  29.5034481256226
120 25  17.2954097849565
121 25  18.7630760774196
122 25  20.7766174275191
123 25  22.3903551120107
124 25  25.5818243801886
125 25  28.5282315441153
126 25  26.7285553122035
127 25  25.6390703013834
128 25  24.9800128366389
120 26  13.7629352110705
121 26  17.574328233638
122 26  20.0653434338383
123 26  22.9164760779443
124 26  26.2343051636234
125 26  28.2461013335351
126 26  29.4617294324425
127 26  29.4899044847924
128 26  28.585673010007
120 27  12.3988578251345
121 27  15.3583337379721
122 27  18.2394102965514
123 27  21.3244483078941
124 27  24.7049127831878
125 27  27.9362589613873
126 27  30.4382981610817
127 27  31.5230951236234
128 27  32.3579288478029
120 28  10.8733990618194
121 28  13.8953845720101
122 28  16.7267996342103
123 28  19.858917785785
124 28  23.1220549920477
125 28  26.2281986551955
126 28  29.6092870941242
127 28  31.0372939284853
128 28  31.6114878938819
