120 20  -5.69482713523307
121 20  -75.2274752311228
122 20  98.5440126381353
123 20  -20.3021706936918
124 20  26.2109032855925
125 20  8.6441477061864
126 20  20.0399513157488
127 20  10.9624849276945
128 20  14.396245546266
120 21  -26.4709290154757
121 21  -61.0442025465532
122 21  71.9434921821615
123 21  -0.197200851284252
124 21  31.024826716128
125 21  20.2793805427054
126 21  20.264682885443
127 21  21.2610070907245
128 21  20.9945963594291
120 22  -3.4988519313468
121 22  -6.01278443991113
122 22  13.3265651469488
123 22  17.9183931690204
124 22  59.8068776164749
125 22  25.8763732842829
126 22  15.2277683707005
127 22  26.2310688081109
128 22  15.7006221874691
120 23  6.92780594402617
121 23  159.271157227389
122 23  -19.9162179942175
123 23  -83.4213443093436
124 23  -62.5820819967784
125 23  -73.9753233296369
126 23  -5.69850633955023
127 23  30.7235993410737
128 23  26.3545611493569
120 24  47.3418206775896
121 24  114.990811585376
122 24  -145.350459957656
123 24  -39.7748806755976
124 24  7.88180807984032
125 24  -17.2353929905061
126 24  67.8717806631856
127 24  -65.5555147868926
128 24  22.6235102644606
120 25  63.6184099362371
121 25  -1.78777502840856
122 25  33.4440962660879
123 25  8.68435063622116
124 25  21.70752220431
125 25  76.1055953171827
126 25  -12.9837654943781
127 25  -13.2364118388898
128 25  -63.9961333902301
120 26  -1.31394477590743
121 26  27.575855470934
122 26  20.1361723447518
123 26  28.401185826682
124 26  46.0021878303058
125 26  44.8993397814863
126 26  40.9831997354701
127 26  39.9728005296557
128 26  20.5545261857924
120 27  2.14527286975756
121 27  11.8258710632439
122 27  8.0046188095752
123 27  14.1551453804771
124 27  26.4786827812069
125 27  38.0557126543068
126 27  60.6682039892025
127 27  37.7567982518101
128 27  82.2230127093379
120 28  -3.93693688969728
121 28  11.1885148671397
122 28  9.62347694897572
123 28  9.84643656714199
124 28  22.2405028628679
125 28  23.9377438645034
126 28  53.9329133254594
127 28  43.6479817078806
128 28  42.6390922445942
