120 20  -12.3699257992147
121 20  -82.2134256884864
122 20  88.9727196221399
123 20  -28.9776426207889
124 20  16.5479231228393
125 20  -1.46906720562695
126 20  9.32966816216308
127 20  -0.051345016907476
128 20  3.0498279824113
120 21  -32.2878213036634
121 21  -67.450237283334
122 21  63.4681815519304
123 21  -8.2317755539678
124 21  22.0155066838178
125 21  10.7138335890835
126 21  10.1619475449906
127 21  10.6735862866732
128 21  9.99830451642131
120 22  -9.36302163032079
121 22  -12.6711056394457
122 22  6.12692848954539
123 22  10.5122803158869
124 22  51.4925271143109
125 22  17.0820298476091
126 22  5.8043321970682
127 22  16.178760520269
128 22  5.15468868719703
120 23  0.823071670185398
121 23  151.144201312927
122 23  -26.013456501519
123 23  -88.5657206659768
124 23  -68.4096394958468
125 23  -80.6558536071679
126 23  -13.8955784987657
127 23  21.4623404855714
128 23  16.3365710233888
120 24  41.5209994093259
121 24  107.764792081275
122 24  -150.060238653715
123 24  -45.2908967872595
124 24  1.18421996647759
125 24  -24.5075434185756
126 24  59.3552558761127
127 24  -73.3493924525237
128 24  13.5624094349401
120 25  58.3060395830775
121 25  -7.55094631646087
122 25  27.0624558289303
123 25  1.80704271621928
124 25  13.8499387699324
125 25  67.3430084015001
126 25  -21.1935729860073
127 25  -21.1115786400899
128 25  -71.6688674430729
120 26  -5.5417924001752
121 26  22.1771828236252
122 26  13.9722826463804
123 26  21.3614542972628
124 26  37.9432495980656
125 26  36.2223961944994
126 26  31.9328263320132
127 26  30.9137720082088
128 26  11.7732692903707
120 27  -1.66400036587486
121 27  7.10736469136095
122 27  2.40096575892671
123 27  7.60368303212915
124 27  18.8886479263141
125 27  29.4729185722919
126 27  51.3167140246863
127 27  28.0720285534841
128 27  72.2817589213828
120 28  -7.27795865406478
121 28  6.91894083464086
122 28  4.48390639625479
123 28  3.74447377134355
124 28  15.1358901721968
125 28  15.8787199981891
126 28  44.8349972049854
127 28  34.1112881741854
128 28  32.925968642946
